execute store result score @s Choco.SotF.Random run random value 1..24

execute if score @s Choco.SotF.Random matches 1 run data merge entity @s {transformation:[1.0000f,0.0000f,0.0000f,0.0000f,0.0000f,0.9659f,0.2588f,0.0000f,0.0000f,-0.2588f,0.9659f,0.0000f,0.0000f,0.0000f,0.0000f,1.0000f]}
execute if score @s Choco.SotF.Random matches 2 run data merge entity @s {transformation:[1.0000f,0.0000f,0.0000f,0.0000f,0.0000f,0.8660f,0.5000f,0.0000f,0.0000f,-0.5000f,0.8660f,0.0000f,0.0000f,0.0000f,0.0000f,1.0000f]}
execute if score @s Choco.SotF.Random matches 3 run data merge entity @s {transformation:[1.0000f,0.0000f,0.0000f,0.0000f,0.0000f,0.9659f,-0.2588f,0.0000f,0.0000f,0.2588f,0.9659f,0.0000f,0.0000f,0.0000f,0.0000f,1.0000f]}
execute if score @s Choco.SotF.Random matches 4 run data merge entity @s {transformation:[1.0000f,0.0000f,0.0000f,0.0000f,0.0000f,0.8660f,-0.5000f,0.0000f,0.0000f,0.5000f,0.8660f,0.0000f,0.0000f,0.0000f,0.0000f,1.0000f]}
execute if score @s Choco.SotF.Random matches 5 run data merge entity @s {transformation:[0.9659f,-0.2588f,0.0000f,0.0000f,0.2588f,0.9659f,0.0000f,0.0000f,0.0000f,0.0000f,1.0000f,0.0000f,0.0000f,0.0000f,0.0000f,1.0000f]}
execute if score @s Choco.SotF.Random matches 6 run data merge entity @s {transformation:[0.8660f,-0.5000f,0.0000f,0.0000f,0.5000f,0.8660f,0.0000f,0.0000f,0.0000f,0.0000f,1.0000f,0.0000f,0.0000f,0.0000f,0.0000f,1.0000f]}
execute if score @s Choco.SotF.Random matches 7 run data merge entity @s {transformation:[0.9659f,0.2588f,0.0000f,0.0000f,-0.2588f,0.9659f,0.0000f,0.0000f,0.0000f,0.0000f,1.0000f,0.0000f,0.0000f,0.0000f,0.0000f,1.0000f]}
execute if score @s Choco.SotF.Random matches 8 run data merge entity @s {transformation:[0.8660f,0.5000f,0.0000f,0.0000f,-0.5000f,0.8660f,0.0000f,0.0000f,0.0000f,0.0000f,1.0000f,0.0000f,0.0000f,0.0000f,0.0000f,1.0000f]}
execute if score @s Choco.SotF.Random matches 9 run data merge entity @s {transformation:[0.9659f,-0.2588f,-0.0000f,0.0000f,0.2500f,0.9330f,-0.2588f,0.0000f,0.0670f,0.2500f,0.9659f,0.0000f,0.0000f,0.0000f,0.0000f,1.0000f]}
execute if score @s Choco.SotF.Random matches 10 run data merge entity @s {transformation:[0.8660f,-0.5000f,-0.0000f,0.0000f,0.4830f,0.8365f,-0.2588f,0.0000f,0.1294f,0.2241f,0.9659f,0.0000f,0.0000f,0.0000f,0.0000f,1.0000f]}
execute if score @s Choco.SotF.Random matches 11 run data merge entity @s {transformation:[0.9659f,-0.2588f,-0.0000f,0.0000f,0.2241f,0.8365f,-0.5000f,0.0000f,0.1294f,0.4830f,0.8660f,0.0000f,0.0000f,0.0000f,0.0000f,1.0000f]}
execute if score @s Choco.SotF.Random matches 12 run data merge entity @s {transformation:[0.8660f,-0.5000f,0.0000f,0.0000f,0.4330f,0.7500f,-0.5000f,0.0000f,0.2500f,0.4330f,0.8660f,0.0000f,0.0000f,0.0000f,0.0000f,1.0000f]}
execute if score @s Choco.SotF.Random matches 13 run data merge entity @s {transformation:[0.9659f,0.2588f,-0.0000f,0.0000f,-0.2500f,0.9330f,0.2588f,0.0000f,0.0670f,-0.2500f,0.9659f,0.0000f,0.0000f,0.0000f,0.0000f,1.0000f]}
execute if score @s Choco.SotF.Random matches 14 run data merge entity @s {transformation:[0.8660f,0.5000f,-0.0000f,0.0000f,-0.4830f,0.8365f,0.2588f,0.0000f,0.1294f,-0.2241f,0.9659f,0.0000f,0.0000f,0.0000f,0.0000f,1.0000f]}
execute if score @s Choco.SotF.Random matches 15 run data merge entity @s {transformation:[0.9659f,0.2588f,-0.0000f,0.0000f,-0.2241f,0.8365f,0.5000f,0.0000f,0.1294f,-0.4830f,0.8660f,0.0000f,0.0000f,0.0000f,0.0000f,1.0000f]}
execute if score @s Choco.SotF.Random matches 16 run data merge entity @s {transformation:[0.8660f,0.5000f,0.0000f,0.0000f,-0.4330f,0.7500f,0.5000f,0.0000f,0.2500f,-0.4330f,0.8660f,0.0000f,0.0000f,0.0000f,0.0000f,1.0000f]}
execute if score @s Choco.SotF.Random matches 17 run data merge entity @s {transformation:[0.9659f,-0.2588f,0.0000f,0.0000f,0.2500f,0.9330f,0.2588f,0.0000f,-0.0670f,-0.2500f,0.9659f,0.0000f,0.0000f,0.0000f,0.0000f,1.0000f]}
execute if score @s Choco.SotF.Random matches 18 run data merge entity @s {transformation:[0.8660f,-0.5000f,0.0000f,0.0000f,0.4830f,0.8365f,0.2588f,0.0000f,-0.1294f,-0.2241f,0.9659f,0.0000f,0.0000f,0.0000f,0.0000f,1.0000f]}
execute if score @s Choco.SotF.Random matches 19 run data merge entity @s {transformation:[0.9659f,-0.2588f,0.0000f,0.0000f,0.2241f,0.8365f,0.5000f,0.0000f,-0.1294f,-0.4830f,0.8660f,0.0000f,0.0000f,0.0000f,0.0000f,1.0000f]}
execute if score @s Choco.SotF.Random matches 20 run data merge entity @s {transformation:[0.8660f,-0.5000f,-0.0000f,0.0000f,0.4330f,0.7500f,0.5000f,0.0000f,-0.2500f,-0.4330f,0.8660f,0.0000f,0.0000f,0.0000f,0.0000f,1.0000f]}
execute if score @s Choco.SotF.Random matches 21 run data merge entity @s {transformation:[0.9659f,0.2588f,0.0000f,0.0000f,-0.2500f,0.9330f,-0.2588f,0.0000f,-0.0670f,0.2500f,0.9659f,0.0000f,0.0000f,0.0000f,0.0000f,1.0000f]}
execute if score @s Choco.SotF.Random matches 22 run data merge entity @s {transformation:[0.8660f,0.5000f,0.0000f,0.0000f,-0.4830f,0.8365f,-0.2588f,0.0000f,-0.1294f,0.2241f,0.9659f,0.0000f,0.0000f,0.0000f,0.0000f,1.0000f]}
execute if score @s Choco.SotF.Random matches 23 run data merge entity @s {transformation:[0.9659f,0.2588f,0.0000f,0.0000f,-0.2241f,0.8365f,-0.5000f,0.0000f,-0.1294f,0.4830f,0.8660f,0.0000f,0.0000f,0.0000f,0.0000f,1.0000f]}
execute if score @s Choco.SotF.Random matches 24 run data merge entity @s {transformation:[0.8660f,0.5000f,-0.0000f,0.0000f,-0.4330f,0.7500f,-0.5000f,0.0000f,-0.2500f,0.4330f,0.8660f,0.0000f,0.0000f,0.0000f,0.0000f,1.0000f]}